89
314
600
723
778
958
1077
1091
1816
1853
1896
1899
2475
2499
2539
2560
2768
2930
3069
3182
3307
3364
3383
3445
3782
3883
3943
4153
4160
4174
4502
4520
4540
4676
4819
5310
5321
5372
5482
5545
5908
6167
6210
6417
6485
6540
6646
6652
7073
7103
7226
7382
7501
7506
7511
7743
7905
8004
8031
8246
8578
8921
9043
9087
9094
9200
9277
9484
9486
9555
9597
9755
9840
10112
10233
10393
10523
10912
11187
11283
11566
11926
12063
12070
12144
12237
12300
12406
12543
12603
12760
12889
13093
13129
13549
13798
13822
14107
14276
14341
14396
14549
14553
14679
14732
14843
15035
15082
15297
15320
15472
15696
15919
15986
16185
16243
16470
16756
16828
