1485
1488
1490
1492
1494
1496
1498
1499
1501
1503
1505
1507
1509
1511
1512
1514
1516
1518
1520
1522
1524
1525
1527
1529
1531
1533
1535
1537
1538
1540
1541
1542
1543
1544
1545
1546
1547
1548
1549
1550
1551
1552
1553
1554
1555
1556
1557
1558
1559
1560
1562
1563
1564
1565
1566
1567
1568
1569
1570
1571
1648
1650
1652
1654
1655
1657
1659
1661
1663
1665
1667
1669
1671
1673
1675
1677
1679
1681
1683
1685
1687
1689
1691
1693
1695
1696
1698
1699
1701
1702
1704
1705
1707
1708
1710
1711
1713
1714
1716
1717
1719
1720
1722
1723
1725
1726
1728
1729
1731
1732
1734
1735
1737
1738
1740
1741
1743
1744
1746
1747
1749
1750
1752
1753
1755
1756
1758
1759
1761
1762
1764
1765
1767
1768
1770
1771
1772
1773
1774
1775
1776
1777
1778
1779
1780
1781
1782
1783
1784
1785
1786
1787
1788
1789
1790
1791
1792
1793
1794
1795
1796
8372
8374
8375
8376
8377
8378
8379
8380
8381
8382
8383
8384
8385
8386
8388
8389
8390
8391
8392
8395
8403
8414
8419
8429
8435
8444
8451
8459
8470
8474
8481
8489
8495
8504
8509
8519
8523
8530
8538
8549
8553
8559
8574
8585
8599
15176
15178
15179
15180
15181
15182
15183
15197
15206
15211
15221
15225
15232
15240
15246
15255
15260
15270
15274
15281
15289
15295
15304
15308
15313
15319
15327
15333
15342
15347
15357
15361
15368
15374
15383
15394
15408
