89
255
290
320
401
515
543
572
576
599
637
654
666
700
702
745
754
821
838
947
952
1016
1023
1037
1047
1063
1100
1372
1375
1378
1379
1380
1394
1436
1462
1496
1503
1514
1530
1637
1642
1695
1759
1762
1861
1889
1901
1904
1956
1979
2001
2014
2043
2058
2150
2155
2160
2235
2238
2459
2478
2486
2505
2512
2533
2535
2537
2588
2591
2610
2662
2715
2719
2784
2788
2790
2816
2820
2840
2862
2942
2959
2961
3032
3040
3042
3053
3205
3247
3249
3309
3312
3316
3403
3406
3431
3493
3513
3526
3552
3576
3579
3614
3632
3635
3639
3677
3905
3910
3988
3993
4023
4026
4034
4049
4078
4089
4104
4107
4152
4188
4214
4246
4291
4317
4329
4344
4360
4362
4488
4517
4526
4545
4691
4696
4704
4725
4739
4741
4746
4870
4872
4889
4915
4958
5030
5033
5038
5067
5135
5216
5218
5237
5359
5363
5384
5387
5424
5432
5459
5487
5493
5514
5519
5534
5607
5626
5667
5770
5797
5816
5832
5834
6045
6050
6053
6058
6060
6085
6089
6103
6129
6167
6202
6222
6250
6253
6371
6374
6413
6430
6472
6519
6531
6539
6555
6579
6619
6622
6642
6653
6741
6746
6750
6755
6757
6782
6789
6840
6842
6844
6913
6994
7007
7020
7022
7062
7280
7381
7395
7400
7438
7478
7504
7525
7537
7553
7555
7610
7674
7738
7766
7774
7788
7790
7923
7930
7935
7943
8060
8063
8151
8156
8175
8202
8208
8271
8342
8408
8449
8453
8462
8466
8495
8638
8641
8645
8688
8706
8709
8747
8770
8904
8964
8977
9027
9033
9064
9086
9098
9117
9158
9194
9200
9301
9308
9309
9338
9366
9368
9386
9411
9436
9461
9485
9511
9551
9561
9601
9618
9631
9641
9681
9688
9702
9735
9738
9778
9821
9857
9901
9935
9963
9979
10006
10010
10013
10038
10093
10107
10164
10166
10168
10247
10314
10319
10320
10409
10416
10437
10467
10481
10497
10559
10675
10678
10713
10733
10762
10812
10824
10835
10837
10871
10905
10913
10960
10987
10990
11030
11056
11059
11083
11136
11148
11181
11186
11321
11328
11329
11334
11349
11355
11361
11425
11511
11514
11518
11707
11724
11737
11815
11817
11818
11820
11822
11948
11954
12026
12033
12036
12045
12060
12083
12103
12226
12233
12285
12289
12290
12292
12293
12294
12331
12476
12515
12560
12566
12573
12614
12704
12724
12735
12753
12823
12830
12858
12861
12863
12904
12937
12963
12980
12982
12998
13107
13111
13113
13138
13165
13167
13191
13218
13238
13242
13271
13274
13288
13312
13420
13462
13471
13599
13602
13604
13646
13652
13694
13704
13733
13802
13824
13855
13876
13892
13894
14023
14114
14122
14218
14240
14254
14267
14322
14328
14399
14402
14424
14426
14430
14443
14562
14583
14586
14589
14676
14782
14785
14798
14860
14863
14892
15001
15004
15009
15049
15052
15059
15121
15125
15126
15167
15189
15201
15211
15215
15260
15293
15313
15317
15332
15346
15356
15411
15499
15515
15520
15540
15552
15584
15594
15623
15634
15644
15657
15662
15781
15806
15826
15853
15924
15932
15974
16002
16121
16125
16130
16174
16306
16322
16325
16356
16358
16396
16460
16547
16555
16600
16620
16624
16638
16641
16687
16749
16752
16788
16792
16816
16861
16863
16867
16903
16906
16939
16959
17016
17022
17046
17082
17111
17145
17165
17219
17247
17253
17271
17283
17378
17385
17387
17389
17433
17436
17453
17476
17642
17646
17657
17683
17740
17771
17789
17832
17835
17843
17851
17852
17953
17999
18048
18062
18097
18112
18132
18205
18214
18235
18257
18294
18365
18390
18397
18401
18440
18515
18521
18564
18582
18584
18614
18706
